4294967279,10
4294967294,1013
4294967294,186
4294967294,469
4294967294,968
4294967294,1438
4294967278,303
4294967279,307
4294967279,469
4294967279,410
4294967279,0
4294967294,5
4294967294,107
4294967294,50
4294967294,8
4294967279,305
4294967294,7
4294967294,99
4294967294,419
4294967294,39
4294967294,38
4294967294,36
4294967278,132
4294967278,131
4294967278,130
4294967278,129
4294967278,128
4294967278,127
4294967278,126
4294967278,125
4294967278,124
4294967278,123
4294967278,122
4294967278,121
4294967278,120
4294967278,119
4294967278,118
4294967278,117
4294967278,116
4294967278,115
4294967278,114
4294967278,113
4294967278,112
4294967278,111
4294967278,110
4294967278,109
4294967278,108
4294967278,107
4294967278,106
4294967278,105
4294967278,104
4294967278,103
4294967278,102
4294967278,101
4294967278,100
4294967278,99
4294967278,98
4294967278,97
4294967278,96
4294967278,95
4294967278,94
4294967278,93
4294967278,92
4294967278,91
4294967278,90
4294967278,89
4294967278,87
4294967278,86
4294967278,85
4294967278,84
4294967278,83
4294967278,82
4294967278,81
4294967278,80
4294967278,79
4294967278,78
4294967278,77
4294967278,76
4294967278,75
4294967278,74
4294967278,73
4294967278,72
4294967278,71
4294967278,70
4294967278,69
4294967278,68
4294967278,67
4294967278,66
4294967278,65
4294967278,64
4294967278,63
4294967278,62
4294967278,61
4294967278,60
4294967278,59
4294967278,58
4294967278,57
4294967278,56
4294967278,55
4294967278,54
4294967278,53
4294967278,52
4294967278,51
4294967279,455
4294967279,63
4294967279,60
4294967279,57
4294967279,54
4294967279,48
4294967279,47
4294967279,41
4294967279,39
4294967279,37
4294967279,36
4294967279,33
4294967279,29
4294967279,24
4294967279,23
4294967279,18
4294967279,16
4294967279,14
4294967279,9
4294967279,8
4294967279,7
4294967279,6
4294967279,5
4294967279,4
4294967294,1437
4294967279,149
196,5
196,4
196,2
196,1
4294967279,402
194,4
194,3
194,2
194,1
4294967278,137
4294967294,1436
4294967279,296
4294967279,275
4294967278,275
4294967278,403
4294967279,134
4294967294,41
4294967278,271
4294967279,291
4294967294,1435
4294967294,91
4294967294,90
4294967294,87
4294967294,86
4294967294,84
4294967294,83
4294967294,413
4294967294,29
4294967279,468
4294967279,265
4294967294,53
4294967294,51
4294967294,437
4294967294,45
4294967294,44
4294967294,425
4294967294,43
4294967294,1035
4294967278,259
4294967279,261
4294967278,279
4294967278,359
4294967278,388
4294967278,254
4294967278,372
4294967279,401
4294967278,334
4294967294,1434
4294967294,389
4294967294,81
4294967294,96
4294967294,94
4294967278,330
4294967279,397
4294967294,6
4294967294,22
4294967294,17
4294967294,76
4294967294,9
4294967294,67
4294967294,1
4294967294,2
4294967294,0
4294967294,128
4294967294,92
4294967294,88
4294967294,85
4294967294,1021
4294967294,980
4294967294,1019
4294967294,28
4294967294,987
4294967294,27
4294967294,470
4294967294,25
4294967294,1014
4294967294,26
4294967294,417
4294967294,52
4294967294,429
4294967294,40
4294967294,37
4294967294,82
4294967294,42
4294967294,93
4294967294,95
0,5
4294967293,131
4294967293,130
4294967293,129
4294967293,128
4294967293,127
4294967293,126
4294967293,125
4294967293,124
4294967293,123
4294967293,122
4294967293,121
4294967293,120
4294967293,119
4294967293,118
4294967293,117
4294967293,116
4294967293,115
4294967293,114
4294967293,113
4294967293,112
4294967293,111
4294967293,110
4294967293,109
4294967293,108
4294967293,107
4294967293,106
4294967293,105
4294967293,104
4294967293,103
4294967293,102
4294967293,101
4294967293,100
4294967293,99
4294967293,98
4294967293,97
4294967293,96
4294967293,95
4294967293,94
4294967293,93
4294967293,92
4294967293,91
4294967293,90
4294967293,89
4294967293,87
4294967293,86
4294967293,85
4294967293,84
4294967293,83
4294967293,82
4294967293,81
4294967293,80
4294967293,79
4294967293,78
4294967293,77
4294967293,76
4294967293,75
4294967293,74
4294967293,73
4294967293,72
4294967293,71
4294967293,70
4294967293,69
4294967293,68
4294967293,67
4294967293,66
4294967293,65
4294967293,64
4294967293,63
4294967293,62
4294967293,61
4294967293,60
4294967293,59
4294967293,58
4294967293,57
4294967293,56
4294967293,55
4294967293,54
4294967293,53
4294967293,52
4294967293,51
4294967293,50
4294967293,49
4294967293,48
4294967293,47
4294967293,46
4294967293,45
4294967293,44
4294967293,43
4294967293,42
4294967293,41
4294967293,40
4294967293,39
4294967293,38
4294967293,37
4294967293,36
4294967293,35
4294967293,34
4294967293,33
4294967293,32
4294967293,31
4294967293,30
4294967293,29
4294967293,28
4294967293,27
4294967293,26
4294967293,25
4294967293,24
4294967293,23
4294967293,22
4294967293,21
4294967293,20
4294967293,19
4294967293,18
4294967293,17
4294967293,16
4294967293,15
4294967293,14
4294967293,13
4294967293,12
4294967293,11
4294967293,10
4294967293,9
4294967293,8
4294967293,7
4294967293,6
4294967293,5
4294967293,4
4294967293,3
4294967278,394
4294967278,324
4294967278,351
4294967278,393
4294967279,395
4294967279,91
4294967279,90
4294967279,89
4294967279,87
4294967279,86
4294967279,385
4294967279,85
4294967279,84
4294967279,82
4294967279,81
4294967279,80
4294967279,79
4294967279,78
4294967279,77
4294967279,76
4294967279,73
4294967279,71
4294967279,69
4294967279,67
4294967279,66
4294967279,65
4294967279,64
4294967278,245
4294967294,1433
4294967294,395
4294967294,409
4294967294,396
4294967294,178
4294967294,420
4294967294,406
4294967294,459
4294967294,465
4294967294,112
4294967294,467
4294967294,457
4294967294,450
4294967278,237
4294967279,231
4294967278,227
190,5
190,4
190,2
190,1
4294967279,224
4294967279,221
188,4
188,3
188,2
188,1
4294967278,327
4294967279,467
4294967279,394
4294967279,391
4294967278,323
4294967294,1432
4294967279,206
4294967294,1431
4294967279,201
4294967279,466
4294967279,83
4294967279,417
4294967279,196
187,5
187,4
187,2
187,1
4294967278,369
4294967278,190
4294967278,386
4294967279,191
4294967279,74
4294967294,1020
4294967294,978
4294967294,422
4294967294,973
185,4
185,3
185,2
185,1
4294967279,133
4294967294,1430
4294967278,314
4294967279,72
4294967279,317
4294967278,311
4294967279,183
4294967279,70
4294967279,316
4294967279,68
4294967279,180
4294967278,178
4294967294,1429
4294967278,177
4294967278,172
